2 0.271198 0.658495 0.066906 0.00224524 0.000817333 0.000206669 0.000110037 1.09668e-05 0 1.09122e-05 
3 0.194182 0.698863 0.0942732 0.0089684 0.00246827 0.000636366 0.000319054 0.000222795 3.97086e-05 2.70066e-05 
4 0.178 0.640633 0.169726 0.00823648 0.00226258 0.000583336 0.000292466 0.000204229 3.63996e-05 2.4756e-05 
5 0.0912915 0.621402 0.223323 0.0371364 0.0229352 0.00255886 0.000715087 0.000385976 0.000152709 9.84646e-05 
6 0.092696 0.630962 0.242141 0.0223072 0.00792273 0.00259823 0.000726088 0.000391915 0.000155059 9.99794e-05 
7 0.0926959 0.646347 0.226756 0.0223071 0.00792273 0.00259823 0.000726088 0.000391914 0.000155059 9.99794e-05 
8 0.0803365 0.560184 0.303084 0.0446564 0.00829716 0.0022518 0.000629276 0.000339659 0.000134384 8.66488e-05 
9 0.0912915 0.621403 0.253622 0.0219692 0.00780269 0.00255886 0.000715087 0.000385976 0.000152709 9.84646e-05 
10 0.144306 0.855694 0 0 1.19868e-07 0 0 0 0 0 
11 0.14098 0.739221 0.111258 0.00603995 0.0016623 0.000428573 0.000214873 0.000150046 2.67425e-05 1.81881e-05 
12 0.0921056 0.796873 0.0921082 0.00395379 0.0144116 0.000280039 0.000140384 9.80298e-05 1.74718e-05 1.18829e-05 
13 0.188471 0.648907 0.135614 0.0234038 0.00239567 0.00061765 0.00030967 0.000216242 3.85407e-05 2.62123e-05 
14 0.361482 0.624958 0.0133172 0.00011005 7.62047e-05 3.46333e-05 2.23162e-05 0 0 0 
15 0.267089 0.663675 0.0658872 0.00221122 0.000804949 0.000203538 0.00010837 1.08007e-05 0 1.07468e-05 
16 0.049521 0.559566 0.293979 0.0674569 0.019033 0.00670709 0.00215432 0.00090343 0.000307071 0.000372335 
17 0.0487819 0.551215 0.289591 0.066452 0.0336723 0.00660698 0.00212216 0.000889946 0.000302488 0.000366777 
18 0.0834781 0.878329 0.0375952 0.000394435 0.000143586 3.63067e-05 1.93308e-05 1.9266e-06 0 1.917e-06 
19 0.467142 0.48196 0.0354559 0.0153126 9.14405e-05 2.31213e-05 1.23105e-05 1.22693e-06 0 1.22081e-06 
20 0.255476 0.677906 0.0634144 0.00211508 0.000769951 0.000194688 0.000103658 1.03311e-05 0 1.02796e-05 
21 0.177564 0.652831 0.135681 0.0248742 0.00886089 0.000118058 5.96034e-05 5.94036e-06 0 5.91076e-06 
22 0.0765446 0.881978 0.0362267 0.000688928 0.00452899 1.99606e-05 1.06276e-05 1.0592e-06 0 1.05392e-06 
23 0.267089 0.678819 0.0507428 0.00221122 0.000804949 0.000203538 0.00010837 1.08007e-05 0 1.07468e-05 
24 0.326162 0.534981 0.0583972 0.0569171 0.02344 7.0288e-05 2.70925e-05 2.70017e-06 0 2.68671e-06 
25 0.267089 0.648516 0.0507428 0.00221141 0.0311078 0.000203538 0.00010837 1.08007e-05 0 1.07468e-05 
26 0.510202 0.455889 0.0338167 6.06018e-05 2.20351e-05 5.57175e-06 2.96657e-06 2.95663e-07 0 2.9419e-07 
27 0.0734785 0.588026 0.30122 0.0278477 0.00628021 0.00205957 0.000575558 0.000310664 0.000122912 7.9252e-05 
28 0.033287 0.67866 0.275451 0.0104873 0.00141529 0.000457682 0.000127902 6.90364e-05 2.73139e-05 1.76115e-05 
29 0.08358 0.562259 0.320722 0.0239936 0.00819834 0.000815869 0.000227999 0.000123065 4.86899e-05 3.13945e-05 
30 0.0568471 0.758256 0.169131 0.0102834 0.00365232 0.00119776 0.000334721 0.00018067 7.14809e-05 4.60898e-05 
31 0.0605824 0.349172 0.590207 2.57463e-05 9.36979e-06 2.36922e-06 1.26145e-06 1.25722e-07 0 1.25096e-07 
32 0.271198 0.658493 0.066908 0.00224524 0.000817333 0.000206669 0.000110037 1.09668e-05 0 1.09122e-05 
33 0.133746 0.648068 0.115876 0.0524701 0.0496809 9.67751e-05 5.14562e-05 5.12837e-06 0 5.10282e-06 
34 0.0502829 0.568174 0.283117 0.0684947 0.0193258 0.00681027 0.00218746 0.000917329 0.000311795 0.000378063 
35 0.0754115 0.923148 0.00141433 1.16867e-05 8.09253e-06 3.67788e-06 2.36987e-06 0 0 0 
36 0.170881 0.60168 0.124336 0.0603084 0.0417004 0.000560003 0.000280768 0.00019606 3.49436e-05 2.37658e-05 
37 0.0487819 0.566139 0.274667 0.0813754 0.0187489 0.00660698 0.00212216 0.000889946 0.000302488 0.000366778 
38 0.049521 0.559566 0.280804 0.080632 0.019033 0.00670709 0.00215432 0.00090343 0.000307071 0.000372335 
39 0.00970175 0.6824 0.307352 1.98319e-05 0.000525483 6.6763e-07 4.30192e-07 0 0 0 
40 0.136341 0.636634 0.196854 0.0175763 0.0117212 0.00044681 0.000224017 0.000156431 2.78805e-05 1.89621e-05 
41 0.143316 0.827659 0.0272279 0.00118651 0.000431924 0.000109215 5.81497e-05 5.79548e-06 0 5.7666e-06 
42 0.0173858 0.971789 0.00970507 0.000792388 0.00021808 5.62251e-05 2.81895e-05 1.96847e-05 3.50839e-06 2.38612e-06 
43 0.0332168 0.554229 0.28502 0.0904217 0.0211646 0.00986035 0.00407717 0.00125024 0.000662825 9.75452e-05 
44 0.0925175 0.904661 0.00277123 2.29006e-05 1.58576e-05 7.20694e-06 4.64384e-06 0 0 0 
45 0.0627629 0.687404 0.226676 0.0151038 0.00536435 0.00175922 0.000491622 0.000265359 0.000104988 6.76944e-05 
46 0.0608612 0.662033 0.254651 0.0146461 0.00520179 0.00170591 0.000476725 0.000257318 0.000101806 6.5643e-05 
47 0.0684686 0.639668 0.26622 0.016858 0.00585202 0.00191915 0.000536315 0.000289482 0.000114532 7.38484e-05 
48 0.0816066 0.674647 0.183014 0.029663 0.0280681 0.00196383 0.000548788 0.000296214 0.000117195 7.55658e-05 
49 0.0475791 0.756795 0.180605 0.00979706 0.00347958 0.00114111 0.00031889 0.000172125 6.81001e-05 4.39099e-05 
50 0.194182 0.698863 0.0942732 0.0089684 0.00246827 0.000636366 0.000319054 0.000222795 3.97086e-05 2.70066e-05 
51 0.498536 0.430516 0.0708149 9.968e-05 2.34451e-05 5.92828e-06 3.1564e-06 3.14582e-07 0 3.13015e-07 
52 0.0978323 0.840649 0.0551293 0.00451843 0.00124356 0.000320612 0.000160745 0.000112248 2.00059e-05 1.36064e-05 
53 0.0636085 0.840869 0.0865991 0.0087965 8.9439e-05 2.26153e-05 1.20411e-05 1.20007e-06 0 1.19409e-06 
54 0.0733028 0.903341 0.0206212 0.00193436 0.000532372 0.000137255 6.88156e-05 4.80538e-05 8.5646e-06 5.82495e-06 
55 0.252213 0.669335 0.0472151 0.0301788 0.000748263 0.000189204 0.000100738 1.00401e-05 0 9.99002e-06 
56 0.381211 0.5501 0.0567 0.0117415 0.000175053 4.41891e-05 2.35277e-05 2.34488e-06 0 2.3332e-06 
57 0.164308 0.618498 0.206463 0.00758864 0.00208854 0.000538464 0.000269969 0.000188519 3.35996e-05 2.28517e-05 
58 0.156168 0.730819 0.103608 0.00665072 0.0018304 0.000471912 0.000236602 0.000165219 2.94468e-05 2.00273e-05 
59 0.399231 0.548266 0.0264545 0.00903808 0.0168549 7.95464e-05 3.98818e-05 2.78494e-05 4.96358e-06 3.37582e-06 
60 0.144877 0.850951 0.00409775 3.38615e-05 2.34476e-05 1.06564e-05 6.86654e-06 0 0 0 
61 0.0912915 0.651699 0.223327 0.0219692 0.00780269 0.00255886 0.000715087 0.000385976 0.000152709 9.84646e-05 
62 0.24195 0.631674 0.112311 0.0118989 0.00144258 0.000473067 0.000132201 7.1357e-05 2.8232e-05 1.82035e-05 
63 0.0700626 0.697811 0.206277 0.0168601 0.00598811 0.00196378 0.000548788 0.000296214 0.000117195 7.55658e-05 
64 0.0332168 0.538844 0.285175 0.105651 0.0211646 0.00986035 0.00407717 0.00125024 0.000662826 9.75452e-05 
65 0.150777 0.719167 0.120209 0.00696369 0.00191654 0.00049412 0.000247736 0.000172994 3.08326e-05 2.09698e-05 
66 0.00528792 0.994588 0.000121655 9.97181e-07 6.90503e-07 3.13818e-07 2.02211e-07 0 0 0 
67 0.0563107 0.65742 0.219637 0.0594073 0.00481287 0.00157836 0.000441082 0.000238079 9.41945e-05 6.07351e-05 
68 0.0912915 0.651705 0.22332 0.0219692 0.00780269 0.00255886 0.000715087 0.000385976 0.000152709 9.84646e-05 
69 0.114151 0.805681 0.0727613 0.00523818 0.00144164 0.000371683 0.00018635 0.000130128 2.31926e-05 1.57738e-05 
70 0.189516 0.767177 0.0413675 0.00128018 0.000466023 0.000117837 6.27404e-05 6.25301e-06 0 6.22185e-06 
71 0.108788 0.827746 0.0568754 0.00466075 0.00128272 0.00033071 0.000165808 0.000115783 2.0636e-05 1.40349e-05 
72 0.0590779 0.533016 0.34136 0.0344326 0.0278885 0.0027026 0.000899243 0.000355068 0.000164251 0.000103694 
73 0.0380838 0.64622 0.268463 0.0315029 0.010621 0.00326826 0.00108746 0.000429385 0.000198629 0.000125397 
74 0.07523 0.789871 0.134425 0.000335639 9.21412e-05 2.37558e-05 1.19104e-05 8.31701e-06 1.48233e-06 1.00816e-06 
75 0.0779864 0.432692 0.453763 0.0323024 0.00322091 2.18076e-05 1.16111e-05 1.15721e-06 0 1.15145e-06 
76 0.109539 0.787416 0.0794133 0.021537 0.00139236 0.000358976 0.000179979 0.000125679 2.23997e-05 1.52345e-05 
77 0.156293 0.552928 0.248874 0.0389165 0.00198666 0.000512197 0.0002568 0.000179323 3.19606e-05 2.1737e-05 
78 0.194182 0.668568 0.124567 0.00896942 0.00246827 0.000636366 0.000319054 0.000222795 3.97086e-05 2.70066e-05 
79 0.137021 0.74145 0.0814078 0.0376645 0.00163496 0.000420002 0.000210576 0.000147045 2.62077e-05 1.78243e-05 
80 0.111444 0.806213 0.0750654 0.00514708 0.00141657 0.000365219 0.000183109 0.000127865 2.27893e-05 1.54994e-05 
81 0.158926 0.725372 0.106082 0.00680361 0.00187248 0.000482761 0.000242041 0.000169017 3.01238e-05 2.04877e-05 
82 0.16278 0.737984 0.0897227 0.00682012 0.00179017 0.00046154 0.000231402 0.000161588 2.87997e-05 1.95872e-05 
83 0.0176668 0.9747 0.00727099 0.00025624 7.0522e-05 1.81819e-05 9.11583e-06 6.36557e-06 1.13453e-06 7.71616e-07 
84 0.194182 0.686112 0.107024 0.0089684 0.00246827 0.000636366 0.000319054 0.000222795 3.97086e-05 2.70066e-05 
85 0.0680149 0.904624 0.0241172 0.00229424 0.000631418 0.000162791 8.16185e-05 5.69941e-05 1.0158e-05 6.90866e-06 
86 0.194182 0.698863 0.0942732 0.0089684 0.00246827 0.000636366 0.000319054 0.000222795 3.97086e-05 2.70066e-05 
87 0.271279 0.673797 0.0515234 0.00224524 0.000817333 0.000206669 0.000110037 1.09668e-05 0 1.09122e-05 
88 0.104493 0.710012 0.181431 0.00287338 0.000790805 0.000203884 0.000102221 7.13809e-05 1.27222e-05 8.65259e-06 
89 0.124428 0.797329 0.0701173 0.00574674 0.00158161 0.000407769 0.000204443 0.000142762 2.54444e-05 1.73052e-05 
90 0.0332168 0.554229 0.28502 0.0904217 0.0211646 0.00986035 0.00407717 0.00125024 0.000662825 9.75452e-05 
91 0.161762 0.659726 0.131438 0.046373 0.000498982 0.000123243 6.56184e-05 6.53985e-06 0 6.50726e-06 
92 0.416326 0.569408 0.0140255 0.000178076 4.14941e-05 1.0698e-05 5.36362e-06 3.74541e-06 6.67542e-07 4.54008e-07 
93 0.0863504 0.86935 0.0390679 0.00369946 0.00101816 0.000262501 0.00013161 9.19029e-05 1.63798e-05 1.11402e-05 
94 0.121923 0.783556 0.0866252 0.0055841 0.00153685 0.000396228 0.000198656 0.000138721 2.47242e-05 1.68154e-05 
95 0.25021 0.647227 0.0956412 0.00615457 0.00054211 0.000137076 7.29838e-05 7.27391e-06 0 7.23767e-06 
96 0.281491 0.655903 0.0520076 8.25375e-05 5.71535e-05 2.60363e-05 0.0104333 0 0 0 
97 0.046916 0.741419 0.188782 0.0192459 0.00243641 0.000785511 0.000219515 0.000118486 4.68782e-05 3.02263e-05 
98 0.0716265 0.908545 0.0174778 0.00166268 0.0004576 0.000117978 5.91505e-05 4.13047e-05 7.36171e-06 5.00684e-06 
99 0.0393133 0.93902 0.0190995 0.00181569 0.000499711 0.000128835 6.45938e-05 4.51057e-05 8.03917e-06 5.46759e-06 
100 0.00427815 0.995226 0.000465552 2.02555e-05 7.37358e-06 1.86446e-06 9.927e-07 0 0 0 
101 0.17319 0.731418 0.0840815 0.00799884 0.00220143 0.00056757 0.000284562 0.000198709 3.54158e-05 2.40869e-05 
102 0.168632 0.738486 0.0818689 0.00778834 0.0021435 0.000552634 0.000277073 0.00019348 3.44838e-05 2.34531e-05 
103 0.031302 0.884961 0.0833855 0.000231671 8.4328e-05 2.1323e-05 1.1353e-05 1.1315e-06 0 1.12586e-06 
104 0.194182 0.66856 0.0946743 0.0388704 0.00246827 0.000636366 0.000319054 0.000222795 3.97086e-05 2.70066e-05 
105 0.0063309 0.993055 0.000575901 2.50929e-05 9.13456e-06 2.30974e-06 1.22978e-06 1.22566e-07 0 1.21955e-07 
106 0.11183 0.731432 0.149084 0.00552274 0.00141657 0.000365219 0.000183109 0.000127865 2.27893e-05 1.54994e-05 
107 0.174455 0.819481 0.00595563 4.92149e-05 3.40791e-05 1.54882e-05 9.97994e-06 0 0 0 
108 0.17319 0.596283 0.191562 0.00862809 0.0292268 0.00056757 0.000284562 0.000198709 3.54158e-05 2.40869e-05 
109 0.18574 0.711956 0.0901744 0.00857847 0.00236095 0.000608698 0.000305182 0.000213108 3.79822e-05 2.58324e-05 
110 0.406614 0.496425 0.0330756 0.0628766 0.000670394 0.00017284 8.66567e-05 6.05122e-05 1.07851e-05 7.33512e-06 
111 0.343052 0.656948 1.33089e-07 1.30781e-07 2.50045e-07 0 0 0 0 0 
112 0.150866 0.779477 0.0660488 0.00255144 0.00070218 0.000181035 9.07654e-05 6.33813e-05 1.12964e-05 7.6829e-06 
113 0.0379714 0.477735 0.338162 0.130217 0.010746 0.00330671 0.00110025 0.000434436 0.000200966 0.000126872 
114 0.0912915 0.621402 0.238472 0.0219692 0.0229542 0.00255886 0.000715087 0.000385976 0.000152709 9.84646e-05 
115 0.0926959 0.646347 0.226756 0.0223071 0.00792273 0.00259823 0.000726088 0.000391914 0.000155059 9.99794e-05 
116 0.191284 0.703358 0.0928662 0.00883454 0.00243143 0.000626868 0.000314292 0.00021947 3.9116e-05 2.66035e-05 
117 0.180743 0.675619 0.0808198 0.0226294 0.0382745 0.00139251 0.000273475 0.000190967 3.4036e-05 2.31485e-05 
118 0.19717 0.69423 0.0957236 0.00910637 0.00250624 0.000646157 0.000323963 0.000226223 4.03195e-05 2.74221e-05 
119 0.419589 0.553484 0.026067 0.000669439 0.000126676 3.26595e-05 1.63745e-05 1.14343e-05 2.03792e-06 1.38603e-06 
120 0.0836838 0.652952 0.232484 0.0201424 0.00715246 0.00234562 0.000655496 0.000353812 0.000139983 9.02592e-05 
121 0.0873223 0.657684 0.222775 0.021014 0.00746344 0.00244761 0.000683996 0.000369195 0.00014607 9.41835e-05 
122 0.306946 0.551859 0.120638 0.0179539 0.00173393 0.000568636 0.000158908 8.57725e-05 3.39354e-05 2.1881e-05 
123 0.0899289 0.627053 0.22001 0.0365441 0.00768642 0.0174458 0.000704414 0.000380216 0.00015043 9.69949e-05 
124 0.092696 0.630964 0.241741 0.0227051 0.00792273 0.00259823 0.000726088 0.000391915 0.000155059 9.99794e-05 
125 0.0444985 0.61004 0.302703 0.0285194 0.00961482 0.00295864 0.000984434 0.000388706 0.000179812 0.000113517 
126 0.161104 0.689929 0.13987 0.00643385 0.00177071 0.000456524 0.000228887 0.000159831 2.84866e-05 1.93743e-05 
127 0.191284 0.703307 0.0929165 0.00883454 0.00243143 0.000626868 0.000314292 0.00021947 3.9116e-05 2.66035e-05 
128 0.145637 0.709873 0.134979 0.0067263 0.0018512 0.000477275 0.000239291 0.000167096 2.97815e-05 2.02549e-05 
129 0.0206467 0.971299 0.00712267 0.000659147 0.000181409 4.67708e-05 2.34494e-05 1.63747e-05 2.91845e-06 1.98489e-06 
130 0.0801162 0.831339 0.0759209 0.0114988 0.000751812 0.00019091 9.57162e-05 6.68385e-05 1.19126e-05 8.10197e-06 
131 0.0496515 0.609348 0.278508 0.0416802 0.0140524 0.00432416 0.00143879 0.000568109 0.000262802 0.00016591 
132 0.0149547 0.563321 0.420559 0.000879925 0.000190088 4.90084e-05 2.45713e-05 1.71581e-05 3.05807e-06 2.07985e-06 
133 0.271198 0.673878 0.0515234 0.00224524 0.000817333 0.000206669 0.000110037 1.09668e-05 0 1.09122e-05 
134 0.0684687 0.537099 0.236971 0.148676 0.00585202 0.00191915 0.000536315 0.000289482 0.000114532 7.38484e-05 
135 0.0118438 0.986609 0.0014518 6.32598e-05 2.30284e-05 5.82291e-06 3.1003e-06 3.08991e-07 0 3.07451e-07 
136 0.092696 0.630963 0.24214 0.0223072 0.00792273 0.00259823 0.000726088 0.000391915 0.000155059 9.99794e-05 
137 0.0899289 0.627053 0.234899 0.0365797 0.00768623 0.00252067 0.000704414 0.000380216 0.00015043 9.69949e-05 
138 0.0886064 0.603126 0.216803 0.0800959 0.0075732 0.0024836 0.000694055 0.000374624 0.000148218 9.55685e-05 
139 0.092696 0.630962 0.242141 0.0223072 0.00792273 0.00259823 0.000726088 0.000391915 0.000155059 9.99794e-05 
140 0.048202 0.792889 0.141124 0.0116004 0.00411982 0.00135108 0.000377566 0.000203796 8.06305e-05 5.19893e-05 
141 0.338799 0.660148 0.00103792 7.0873e-06 4.90764e-06 2.23041e-06 1.43718e-06 0 0 0 
142 0.260625 0.618305 0.120973 6.55477e-05 2.19895e-05 5.56022e-06 2.96044e-06 2.95051e-07 0 2.93581e-07 
143 0.0419024 0.616031 0.260045 0.0570789 0.0161048 0.00567523 0.00182288 0.000764441 0.000259829 0.000315052 
144 0.526178 0.431882 0.0387835 0.00312499 2.24258e-05 5.67053e-06 3.01917e-06 3.00905e-07 0 2.99406e-07 
145 0.38984 0.440975 0.169026 0.000105998 3.80019e-05 9.60907e-06 5.11617e-06 5.09903e-07 0 5.07362e-07 
146 0.0487819 0.59599 0.259741 0.0664501 0.0187489 0.00660698 0.00212216 0.000889946 0.000302488 0.000366778 
147 0.0441674 0.607714 0.261664 0.0601642 0.0169753 0.005982 0.00192142 0.000805762 0.000273874 0.000332082 
148 0.0790784 0.637682 0.282915 0.000214028 7.78983e-05 1.96972e-05 1.04874e-05 1.04523e-06 0 1.04002e-06 
149 0.049521 0.559574 0.293971 0.0674569 0.019033 0.00670709 0.00215432 0.00090343 0.000307071 0.000372335 
150 0.207422 0.765721 0.0219563 0.00473434 0.000117277 2.96545e-05 1.5789e-05 1.57361e-06 0 1.56576e-06 
151 0.134906 0.681126 0.175146 0.00624287 0.0017148 0.000442107 0.000221659 0.000154784 2.7587e-05 1.87625e-05 
152 0.105436 0.694012 0.184656 0.0136584 0.00149275 0.0004867 0.000136011 7.34134e-05 2.90456e-05 1.87281e-05 
153 0.0886064 0.617832 0.260869 0.021323 0.0075732 0.0024836 0.000694055 0.000374624 0.000148218 9.55685e-05 
154 0.0291152 0.842624 0.0999865 0.0253681 0.00193602 0.000634905 0.000177428 9.57686e-05 3.78903e-05 2.44311e-05 
155 0.0361426 0.801305 0.131572 0.0122619 0.00203015 0.0163379 0.000185081 9.98998e-05 3.95247e-05 2.54849e-05 
156 0.0470177 0.753518 0.176033 0.0199484 0.00232014 0.000760742 0.000212593 0.00011475 4.54e-05 2.92733e-05 
157 0.0597281 0.47158 0.30828 0.0804869 0.0220875 0.0571289 0.000375054 0.000202178 7.99906e-05 5.15767e-05 
158 0.0926959 0.630964 0.242138 0.0223074 0.00792273 0.00259823 0.000726088 0.000391914 0.000155059 9.99794e-05 
159 0.0983272 0.723511 0.149504 0.0217547 0.00459801 0.0015079 0.000421391 0.00022745 8.99894e-05 5.80238e-05 
160 0.0634236 0.712673 0.189976 0.0152628 0.00542081 0.0017971 0.0110037 0.000268152 0.000106093 6.8407e-05 
161 0.0792794 0.617163 0.274307 0.0190785 0.00677602 0.00222217 0.000620997 0.00033519 0.000132616 8.55087e-05 
162 0.0242476 0.12723 0.82311 0.0236616 0.00130953 0.000288692 8.06765e-05 4.35461e-05 1.72287e-05 1.11088e-05 
163 0.02373 0.378995 0.568174 0.0270002 0.0013994 0.000458926 0.000128249 6.9224e-05 2.73881e-05 1.76594e-05 
164 0.0568419 0.697739 0.224447 0.0136789 0.00485828 0.00159325 0.000445243 0.000240325 9.50831e-05 6.13081e-05 
165 0.0848625 0.602203 0.270407 0.0316387 0.0072532 0.00237866 0.000664729 0.000358795 0.000141955 9.15304e-05 
166 0.0468465 0.455565 0.428633 0.0585264 0.00858526 0.00120632 0.000337112 0.00018196 7.19915e-05 4.6419e-05 
167 0.0403762 0.776637 0.16996 0.00858295 0.00295964 0.000970602 0.00027124 0.000146405 5.79242e-05 3.73486e-05 
168 0.042836 0.752891 0.13419 0.0546714 0.0137685 0.00109917 0.000287779 0.000155332 6.14562e-05 3.9626e-05 
169 0.0692609 0.735771 0.169415 0.0166663 0.00591928 0.0019412 0.00054248 0.00029281 0.000115848 7.46973e-05 
170 0.0753155 0.63494 0.21691 0.0407337 0.0163738 0.00211107 0.000589947 0.000318431 0.000126933 0.0125803 
171 0.0814221 0.662344 0.226193 0.0195941 0.00695915 0.00228223 0.00063778 0.000344249 0.0001362 8.78198e-05 
172 0.0700613 0.720592 0.183497 0.0168601 0.00598811 0.00196378 0.000548788 0.000296214 0.000117195 7.55658e-05 
173 0.071729 0.714435 0.175466 0.0172615 0.00614943 0.0138965 0.000561854 0.000303267 0.000119986 7.7365e-05 
174 0.0477074 0.721301 0.197548 0.0112717 0.018639 0.00334493 9.93595e-05 5.36304e-05 2.12185e-05 1.36814e-05 
175 0.0475532 0.945709 0.00614496 0.000419502 0.000115454 2.97662e-05 1.49239e-05 1.04213e-05 1.85738e-06 1.26324e-06 
176 0.0272948 0.97229 0.000407703 3.31531e-06 2.29571e-06 1.04335e-06 6.72288e-07 0 0 0 
177 0.0593548 0.692709 0.208684 0.0262447 0.00878277 0.0027026 0.000899243 0.000355068 0.000164251 0.000103694 
178 0.138434 0.515523 0.308537 0.0348987 0.00173304 0.00044681 0.000224017 0.000156431 2.78805e-05 1.89621e-05 
179 0.120104 0.813829 0.0582446 0.00553191 0.00152248 0.000392525 0.0001968 0.000137425 2.44932e-05 1.66583e-05 
180 0.17319 0.705645 0.0986737 0.0191803 0.00220143 0.00056757 0.000284562 0.000198709 3.54158e-05 2.40869e-05 
181 0.0438806 0.805575 0.135316 0.00993301 0.00352724 0.00115675 0.000323258 0.000174482 6.90329e-05 4.45114e-05 
182 0.198326 0.778179 0.020586 0.00189786 0.000674054 0.000221053 6.17745e-05 3.33435e-05 1.31922e-05 8.5061e-06 
183 0.238819 0.612854 0.096895 0.0504685 0.000681111 0.000172224 9.16975e-05 9.13902e-06 0 9.09348e-06 
184 0.0669767 0.898589 0.0303514 0.00288739 0.000794662 0.000204879 0.00010272 7.17291e-05 1.27842e-05 8.6948e-06 
185 0.0912915 0.651705 0.22332 0.0219692 0.00780269 0.00255886 0.000715087 0.000385976 0.000152709 9.84646e-05 
186 0.0745272 0.904826 0.0199773 0.000442253 0.00016099 4.07075e-05 2.1674e-05 2.16013e-06 0 2.14937e-06 
187 0.0834796 0.386897 0.403284 0.113867 0.00386901 0.00856645 3.04358e-05 3.03338e-06 0 3.01826e-06 
188 0.00514844 0.994122 0.000684476 2.96808e-05 1.08047e-05 2.73205e-06 1.45463e-06 1.44975e-07 0 1.44253e-07 
189 0.0729195 0.572255 0.318612 0.0281605 0.00536438 0.00175922 0.000491622 0.000265359 0.000104988 6.76944e-05 
190 0.0507969 0.617585 0.317483 0.0092417 0.00325935 0.00106889 0.000298707 0.000161231 6.37899e-05 4.11308e-05 
191 0.207387 0.750612 0.0394003 0.00171695 0.000625019 0.000158041 8.4146e-05 8.3864e-06 0 8.3446e-06 
192 0.0435347 0.903008 0.0518042 0.00107856 0.000382883 0.000125565 3.50897e-05 1.89401e-05 7.49353e-06 4.83172e-06 
193 0.0669471 0.718956 0.189396 0.0161107 0.00572197 0.0018765 0.000524397 0.000283049 0.000111987 7.22073e-05 
194 0.0404291 0.937303 0.0196279 0.00186724 0.000513898 0.000132493 6.64277e-05 4.63863e-05 8.26741e-06 5.62282e-06 
195 0.0224473 0.500544 0.321905 0.0947368 0.0468218 0.00823347 0.00316812 0.00125669 0.000680929 0.000206011 
196 0.00660335 0.80327 0.189799 0.000231589 6.37346e-05 1.6432e-05 8.23848e-06 5.75292e-06 1.02534e-06 6.97352e-07 
197 0.244831 0.693701 0.0583972 0.00202695 0.00073787 0.000186576 9.9339e-05 9.90061e-06 0 9.85127e-06 
198 0.0762692 0.604276 0.236514 0.0731548 0.00651873 0.00213778 0.000597414 0.000322461 0.00012758 8.22615e-05 
199 0.0917747 0.885713 0.0214232 0.000718919 0.000261708 6.61748e-05 3.52335e-05 3.51154e-06 0 3.49405e-06 
200 0.0463053 0.783831 0.152987 0.0128294 0.00269622 0.000884214 0.000247098 0.000133374 5.27686e-05 3.40244e-05 
201 0.0774506 0.613655 0.280393 0.0185894 0.00660227 0.00216519 0.000605074 0.000326595 0.000129216 8.33162e-05 
202 0.135385 0.805803 0.0545317 0.00348847 0.000527641 0.000173038 4.83563e-05 2.61009e-05 1.03267e-05 6.65847e-06 
203 0.217628 0.690107 0.0895357 0.00180174 0.000655885 0.000165845 8.83013e-05 8.80054e-06 0 8.75668e-06 
204 0.194182 0.698863 0.0942732 0.0089684 0.00246827 0.000636366 0.000319054 0.000222795 3.97086e-05 2.70066e-05 
205 0.052853 0.756789 0.170857 0.012719 0.00451735 0.00148145 0.000413998 0.00022346 8.84106e-05 5.70058e-05 
206 0.0246601 0.592328 0.372969 0.00747427 0.00171089 0.000561079 0.000156796 8.46327e-05 3.34844e-05 2.15902e-05 
207 0.0182851 0.977871 0.00354567 0.000211096 5.80976e-05 1.49787e-05 7.50983e-06 5.2441e-06 9.34653e-07 6.35675e-07 
208 0.141685 0.728029 0.0530586 0.0759962 0.00081876 0.000211056 0.000105817 7.38918e-05 1.31697e-05 8.95695e-06 
209 0.194182 0.66856 0.0942732 0.0089695 0.0327702 0.000636366 0.000319054 0.000222795 3.97086e-05 2.70066e-05 
210 0.0814221 0.567737 0.200031 0.140362 0.00695916 0.00228223 0.00063778 0.000344249 0.0001362 8.78197e-05 
211 0.0327459 0.413623 0.541549 0.00788027 0.00279879 0.000917852 0.000256499 0.000138448 5.47761e-05 3.53188e-05 
212 0.140059 0.675522 0.182756 0.00109731 0.000399449 0.000101004 5.37775e-05 5.35973e-06 0 5.33302e-06 
213 0.0563106 0.754053 0.16886 0.0135511 0.00481287 0.00157836 0.000441082 0.000238079 9.41945e-05 6.07352e-05 
214 0.040404 0.727864 0.219101 0.00823844 0.00292601 0.000959573 0.000268158 0.000144741 5.7266e-05 3.69242e-05 
215 0.19717 0.694213 0.0957406 0.00910637 0.00250624 0.000646157 0.000323963 0.000226223 4.03195e-05 2.74221e-05 
216 0.0684686 0.558061 0.227729 0.127164 0.0156439 0.00191915 0.000536315 0.000289482 0.000114532 7.38484e-05 
217 0.0448243 0.567474 0.331271 0.0376423 0.0126862 0.00390376 0.00129891 0.000512876 0.000237251 0.00014978 
218 0.0460336 0.590585 0.273274 0.0627064 0.0176926 0.00623476 0.00200261 0.000839808 0.000285446 0.000346114 
219 0.0762688 0.519241 0.37635 0.018354 0.0065187 0.00213778 0.000597414 0.000322461 0.00012758 8.22615e-05 
220 0.152572 0.728762 0.0968075 0.0189407 0.00193937 0.000500002 0.000250685 0.000175053 3.11996e-05 2.12194e-05 
221 0.092696 0.630962 0.226763 0.0376847 0.00792273 0.00259823 0.000726088 0.000391915 0.000155059 9.99794e-05 
222 0.0926959 0.630962 0.226756 0.0230122 0.0226023 0.00259823 0.000726088 0.000391914 0.000155059 9.99794e-05 
223 0.188471 0.70772 0.0915008 0.00870462 0.00239567 0.00061765 0.00030967 0.000216242 3.85407e-05 2.62123e-05 
224 0.0251122 0.971382 0.00332388 0.000119918 4.36538e-05 1.10382e-05 5.87708e-06 5.85738e-07 0 5.82819e-07 
225 0.259798 0.595506 0.144279 0.00041293 2.7501e-06 1.24556e-06 8.02582e-07 0 0 0 
226 0.0873223 0.666849 0.213611 0.021014 0.00746344 0.00244761 0.000683996 0.000369195 0.00014607 9.41835e-05 
227 0.0912915 0.651705 0.22332 0.0219692 0.00780269 0.00255886 0.000715087 0.000385976 0.000152709 9.84646e-05 
228 0.115152 0.658928 0.153163 0.0691222 0.00242212 0.000792886 0.000221576 0.000119598 4.73184e-05 3.05101e-05 
229 0.0500522 0.664804 0.270358 0.00665213 0.00236831 0.00535583 0.000216494 0.000116855 4.62331e-05 2.98104e-05 
230 0.0396163 0.957146 0.00303789 0.000131715 4.79482e-05 1.21241e-05 6.45524e-06 6.4336e-07 0 6.40154e-07 
231 0.152572 0.596727 0.228832 0.0070466 0.00387385 0.0104703 0.000250685 0.000175053 3.11996e-05 2.12194e-05 
232 0.17088 0.602752 0.215208 0.00789234 0.00217208 0.000560002 0.000280768 0.00019606 3.49436e-05 2.37658e-05 
233 0.0873223 0.638517 0.227481 0.0354758 0.00746344 0.00244761 0.000683996 0.000369195 0.00014607 9.41835e-05 
234 0.0397462 0.953394 0.00596053 0.000586318 0.00020824 6.82915e-05 1.90844e-05 1.0301e-05 4.07554e-06 2.62785e-06 
235 0.131565 0.710723 0.112536 0.0333902 0.0109868 0.000417224 0.000200548 0.000140043 2.49597e-05 1.69756e-05 
236 0.0942357 0.75791 0.117301 0.00669216 0.00172121 0.0218443 0.000154839 0.000108121 1.92704e-05 1.31061e-05 
237 0.122564 0.729859 0.131732 0.00885351 0.00652934 0.000236508 0.000118301 8.26094e-05 1.47234e-05 1.00137e-05 
238 0.099434 0.765083 0.129847 0.00399086 0.00109333 0.00028188 0.000141326 9.86877e-05 1.75891e-05 1.19626e-05 
239 0.028064 0.690548 0.203489 0.0580746 0.016004 0.00244409 0.000813228 0.000321105 0.00014854 9.3775e-05 
240 0.0192002 0.535327 0.286699 0.0966078 0.04317 0.012796 0.00323462 0.00157499 0.000890336 0.000500158 
241 0.171266 0.61975 0.197972 0.00778857 0.0021435 0.000552634 0.000277073 0.00019348 3.44838e-05 2.34531e-05 
242 0.0384208 0.69771 0.215512 0.0322525 0.0108739 0.00334608 0.00111335 0.000439608 0.000203358 0.000128382 
243 0.0366744 0.677493 0.239674 0.0307865 0.0103796 0.00319398 0.00106274 0.000419626 0.000194115 0.000122547 
244 0.0615913 0.8397 0.0970516 0.00117211 0.000322586 8.31687e-05 4.16982e-05 2.91178e-05 5.18964e-06 3.52957e-06 
245 0.0227759 0.731588 0.200088 0.0202495 0.0228162 0.00158797 0.000528368 0.000208628 9.6509e-05 6.09273e-05 
246 0.0404311 0.449887 0.427527 0.0553774 0.0120216 0.0125133 0.00129259 0.000542058 0.000184243 0.000223401 
247 0.701259 0.298688 5.22202e-05 2.69783e-07 1.86813e-07 0 0 0 0 0 
248 0.0429171 0.460624 0.418375 0.0773306 0.000501159 0.000128835 6.45938e-05 4.51057e-05 8.03917e-06 5.46759e-06 
249 0.0542965 0.547461 0.346139 0.0472724 0.00321861 0.00105553 0.000294973 0.000159215 6.29926e-05 4.06166e-05 
250 0.11943 0.853104 0.0259337 0.000999415 0.000354667 0.000116312 3.25039e-05 1.75444e-05 6.94133e-06 4.47566e-06 
251 0.0912915 0.621402 0.238577 0.0370152 0.00780269 0.00255886 0.000715087 0.000385976 0.000152709 9.84646e-05 
252 0.339265 0.660634 9.95848e-05 6.72687e-07 4.65806e-07 2.11698e-07 1.36409e-07 0 0 0 
253 0.396598 0.561834 0.0372544 0.0030511 0.00083972 0.000216496 0.000108544 7.57962e-05 1.35091e-05 9.1878e-06 
254 0.267089 0.678814 0.0507479 0.00221122 0.000804949 0.000203538 0.00010837 1.08007e-05 0 1.07468e-05 
255 0.0378374 0.825798 0.115969 0.0178097 0.00172242 0.000564832 0.000157845 8.51988e-05 3.37084e-05 2.17347e-05 
256 0.0421345 0.81635 0.125802 0.0103073 0.00360124 0.00118101 0.00033004 0.000178143 7.04812e-05 4.54452e-05 
257 0.0927081 0.813444 0.080632 0.00425837 0.00117198 0.000302705 0.00734519 0.000105789 1.88545e-05 1.28233e-05 
258 0.11423 0.802135 0.0762348 0.000884669 0.00638231 8.15043e-05 4.33479e-05 4.32026e-06 0 4.29873e-06 
259 0.0296271 0.767024 0.166083 0.0248552 0.00837989 0.00257863 0.000857993 0.000338781 0.000156717 9.89369e-05 
260 0.271198 0.658493 0.066908 0.00224524 0.000817333 0.000206669 0.000110037 1.09668e-05 0 1.09122e-05 
261 0.0631094 0.684242 0.194086 0.0530006 0.00375609 0.00118101 0.00033004 0.000178143 7.04812e-05 4.54452e-05 
262 0.0496515 0.603882 0.283974 0.0416802 0.0140524 0.00432416 0.00143879 0.000568109 0.000262802 0.00016591 
263 0.0396398 0.504566 0.414854 0.0358541 0.00338801 0.00111108 0.000310498 0.000167595 6.63079e-05 4.27543e-05 
264 0.0625173 0.432064 0.491768 0.0124546 0.000794662 0.000204879 0.00010272 7.17291e-05 1.27842e-05 8.6948e-06 
265 0.234015 0.54664 0.216991 0.00155439 0.000565177 0.000142909 7.60895e-05 7.58344e-06 0 7.54565e-06 
266 0.110021 0.888466 0.00142176 6.02811e-05 2.19441e-05 5.54873e-06 2.95432e-06 2.94442e-07 0 2.92975e-07 
267 0.160201 0.715789 0.0887163 0.0322307 0.00203632 0.000525002 0.00026322 0.000183806 3.27596e-05 2.22804e-05 
268 0.0322253 0.52276 0.276512 0.0894236 0.0636079 0.00956602 0.00395546 0.00121292 0.00064304 9.46334e-05 
269 0.396456 0.415279 0.187139 0.0008084 0.000211291 5.44749e-05 2.7312e-05 1.90719e-05 3.39918e-06 2.31185e-06 
270 0.113657 0.754438 0.0840708 0.0398683 0.00726261 0.00037384 0.000172603 0.000120528 2.14817e-05 1.46101e-05 
271 0.265466 0.709017 0.0254222 6.32358e-05 2.2294e-05 5.63721e-06 3.00143e-06 2.99137e-07 0 2.97646e-07 
272 0.0522654 0.876779 0.0685976 0.00166737 0.000458889 0.00011831 5.93171e-05 4.1421e-05 7.38245e-06 5.02094e-06 
273 0.0782572 0.388884 0.531325 0.00109677 0.000290385 7.48667e-05 3.75358e-05 2.62112e-05 4.6716e-06 3.17725e-06 
274 0.142741 0.739636 0.106486 0.00383135 0.00715579 9.13842e-05 4.86558e-05 4.84928e-06 0 4.82511e-06 
275 0.0451836 0.937509 0.0154136 0.00133917 0.000368565 9.5023e-05 4.76416e-05 3.3268e-05 5.92934e-06 4.03266e-06 
276 0.672705 0.3244 0.00270126 0.000137566 3.78587e-05 9.76068e-06 4.8937e-06 3.41726e-06 6.09057e-07 4.14231e-07 
277 0.0616606 0.740655 0.195795 0.00133617 0.000367733 9.48085e-05 4.7534e-05 3.31929e-05 5.91596e-06 4.02355e-06 
278 0.191613 0.798454 0.00895895 0.000689073 0.000189646 4.88943e-05 2.45141e-05 1.71181e-05 3.05095e-06 2.07501e-06 
279 0.0972905 0.780945 0.110675 0.0101354 0.000633875 0.000163425 8.19361e-05 5.72158e-05 1.01975e-05 6.93554e-06 
280 0.0245016 0.968591 0.00609193 0.000576914 0.000158778 4.09358e-05 2.0524e-05 1.43318e-05 2.55436e-06 1.73726e-06 
281 0.0258044 0.86418 0.109517 0.00035284 9.70833e-05 2.50299e-05 1.25492e-05 8.76309e-06 1.56184e-06 1.06224e-06 
282 0.0291769 0.530705 0.328092 0.0794269 0.0185906 0.00866112 0.0035813 0.00109819 0.000582212 8.56816e-05 
283 0.0161138 0.722642 0.176933 0.0586915 0.0178833 0.004783 0.00197773 0.000606462 0.00032152 4.73167e-05 
284 0.0654723 0.484842 0.448423 0.000920196 0.000228159 5.88238e-05 2.94924e-05 2.05945e-05 3.67055e-06 2.49641e-06 
285 0.169499 0.728835 0.0899252 0.00140328 0.000510833 0.000129188 0.00968414 6.85427e-06 0 6.82011e-06 
286 0.198492 0.732341 0.0578017 0.00771997 0.00339832 0.000126507 6.34264e-05 4.42906e-05 7.89388e-06 5.36878e-06 
287 0.132279 0.859757 0.0078333 8.63044e-05 3.14173e-05 7.9441e-06 4.22969e-06 4.21552e-07 0 4.19451e-07 
288 0.0327135 0.560983 0.280701 0.0890517 0.020844 0.00971095 0.00401539 0.0012313 0.000652783 9.60672e-05 
289 0.128311 0.870039 0.00148686 0.000115024 3.16567e-05 8.1617e-06 4.09202e-06 2.85745e-06 5.09282e-07 3.46372e-07 
290 0.40492 0.593973 0.00107365 2.20321e-05 8.02033e-06 2.028e-06 1.07977e-06 1.07615e-07 0 1.07079e-07 
291 0.657852 0.335948 0.0058361 0.00025713 7.0767e-05 1.82451e-05 9.1475e-06 6.38769e-06 1.13847e-06 7.74297e-07 
292 0.14539 0.542003 0.241394 0.069117 0.00139397 0.000358976 0.000179979 0.000125679 2.23997e-05 1.52345e-05 
293 0.0422235 0.953859 0.00374833 0.000111661 4.06477e-05 1.02781e-05 5.47238e-06 5.45404e-07 0 5.42686e-07 
294 0.018729 0.775441 0.170682 0.0291489 0.00406389 0.0012382 0.000411988 0.000162674 7.52515e-05 4.75072e-05 
295 0.122189 0.610316 0.191046 0.0599458 0.0139133 0.0017394 0.000449483 0.000242614 9.59887e-05 6.1892e-05 
296 0.0590724 0.757094 0.162038 0.0142156 0.0050488 0.00165573 0.000462703 0.000249749 9.88119e-05 6.37124e-05 
297 0.032424 0.850258 0.090703 0.00735339 0.018697 0.000369559 0.000103273 5.57427e-05 2.20543e-05 1.42203e-05 
298 0.0722994 0.760538 0.147135 0.0130627 0.00463944 0.00152148 0.000425187 0.000229499 9.08001e-05 5.85465e-05 
299 0.0860748 0.671608 0.210559 0.0207138 0.00735682 0.00241264 0.000674225 0.000363921 0.000143983 9.2838e-05 
300 0.0860857 0.600168 0.21088 0.0776964 0.0214816 0.00241295 0.000674225 0.000363921 0.000143983 9.2838e-05 
301 0.077252 0.668016 0.216393 0.0284266 0.00660288 0.00216519 0.000605074 0.000326595 0.000129216 8.33162e-05 
302 0.0523934 0.695339 0.224304 0.0212416 0.00447806 0.00146856 0.000410398 0.000221517 8.76418e-05 5.65101e-05 
303 0.0567329 0.751103 0.169377 0.0172848 0.00367088 0.00119776 0.000334722 0.00018067 7.14809e-05 4.60898e-05 
304 0.0502228 0.713843 0.216103 0.0133886 0.00429148 0.00140737 0.000393298 0.000212287 8.39901e-05 5.41555e-05 
305 0.0391255 0.759868 0.179964 0.0160216 0.00334401 0.00109665 0.000306466 0.000165418 6.54468e-05 4.21991e-05 
306 0.0442342 0.636168 0.303181 0.0148292 0.0010576 0.000346786 9.69112e-05 5.23089e-05 2.06957e-05 1.33443e-05 
307 0.175562 0.727533 0.0854398 0.00810841 0.00223159 0.000575345 0.00028846 0.000201431 3.59009e-05 2.44169e-05 
308 0.0086355 0.788016 0.193327 0.00561034 0.00355064 0.00055004 0.000183016 7.22644e-05 3.34288e-05 2.1104e-05 
309 0.0430313 0.661432 0.241377 0.0361228 0.0121788 0.00374761 0.00124695 0.000492361 0.000227761 0.000143788 
310 0.0316407 0.739889 0.188647 0.0265609 0.00895498 0.00275559 0.000916875 0.00036203 0.000167472 0.000105727 
311 0.0359645 0.673303 0.240493 0.035209 0.010149 0.00312301 0.00103912 0.000410301 0.000189801 0.000119824 
312 0.0471983 0.615373 0.258803 0.0521899 0.0118596 0.0106706 0.00317764 0.000414911 0.000191934 0.00012117 
313 0.0240045 0.713745 0.239171 0.0153933 0.00518982 0.00159699 0.000531371 0.000209813 9.70574e-05 6.12734e-05 
314 0.046105 0.637252 0.258615 0.038703 0.0130487 0.00401529 0.00133602 0.00052753 0.00024403 0.000154059 
315 0.0245955 0.74831 0.196318 0.0205277 0.00691976 0.00212932 0.000708494 0.000279751 0.00012941 8.16979e-05 
316 0.0388837 0.57517 0.241208 0.128439 0.0110049 0.00338639 0.00112676 0.000444905 0.000205808 0.000129929 
317 0.0131681 0.795567 0.175017 0.010837 0.00365363 0.00112428 0.000374085 0.000147708 6.83284e-05 4.31365e-05 
318 0.0377874 0.479866 0.413329 0.0428876 0.0222306 0.00295734 0.000556674 0.000219804 0.000101679 6.41912e-05 
319 0.0454556 0.600125 0.269047 0.0663195 0.0128649 0.00395874 0.0013172 0.0005201 0.000240593 0.000151889 
320 0.032584 0.394485 0.480099 0.0717717 0.0182795 0.00177895 0.000591907 0.000233716 0.000108115 6.8254e-05 
321 0.047461 0.626475 0.266329 0.0398414 0.0134325 0.00413339 0.00137531 0.000543046 0.000251207 0.00015859 
322 0.0304467 0.558717 0.265382 0.132629 0.00867913 0.00265161 0.000882276 0.000348369 0.000161152 0.000101737 
323 0.0275853 0.708696 0.178719 0.0734375 0.00780693 0.00240231 0.000799327 0.000315616 0.000146001 9.2172e-05 
324 0.0262386 0.709892 0.221326 0.0234379 0.0152501 0.00256834 0.000760335 0.00030022 0.000138879 8.76758e-05 
325 0.0488992 0.584967 0.304584 0.0410527 0.0138395 0.00425865 0.00141699 0.000559502 0.00025882 0.000163396 
326 0.0456854 0.739473 0.184383 0.00955603 0.0158076 0.00464439 0.000304161 8.33569e-05 3.85601e-05 2.43434e-05 
327 0.0488992 0.606581 0.282975 0.0410487 0.0138395 0.00425865 0.00141699 0.000559501 0.00025882 0.000163396 
328 0.0226696 0.749059 0.200634 0.0184972 0.00617168 0.00189913 0.0006319 0.000249507 0.00011542 7.28657e-05 
329 0.0424651 0.652689 0.251398 0.0356476 0.0120185 0.0036983 0.00123054 0.000485883 0.000224765 0.000141896 
330 0.0366744 0.711448 0.205718 0.0307865 0.0103796 0.00319398 0.00106274 0.000419626 0.000194115 0.000122547 
331 0.0160565 0.832467 0.105217 0.0347961 0.00927727 0.00139837 0.00046528 0.000183717 8.49856e-05 5.36524e-05 
332 0.0413763 0.64876 0.257787 0.0347335 0.0117104 0.00360347 0.00119899 0.000473424 0.000219001 0.000138258 
333 0.0275155 0.33048 0.618245 0.0166403 0.00480741 0.00147932 0.000492217 0.000194353 8.99058e-05 5.67586e-05 
334 0.061336 0.936041 0.00260924 6.02738e-06 4.17242e-06 1.89627e-06 1.22188e-06 0 0 0 
335 0.158809 0.421417 0.320507 0.0983439 0.000724824 0.000121022 6.44361e-05 6.42201e-06 0 6.39001e-06 
336 0.729155 0.270552 0.000289014 1.87629e-06 1.29925e-06 5.9048e-07 3.8048e-07 0 0 0 
337 0.168632 0.606907 0.200188 0.00788972 0.0021436 0.0137104 0.000277073 0.00019348 3.44838e-05 2.34531e-05 
338 0.176904 0.578475 0.147786 0.0694556 0.00198718 0.0127072 0.000330765 0.0123005 3.19606e-05 2.1737e-05 
339 0.0568274 0.713745 0.228818 0.000439818 0.000113051 2.91466e-05 1.46132e-05 1.02044e-05 1.81872e-06 1.23694e-06 
340 0.035144 0.568909 0.264678 0.0802452 0.0436119 0.00476 0.00152887 0.000641144 0.000217921 0.000264238 
341 0.049521 0.574821 0.278724 0.0674569 0.019033 0.00670709 0.00215432 0.00090343 0.000307071 0.000372335 
342 0.047368 0.564222 0.266718 0.0934969 0.0182054 0.00641547 0.00206065 0.00086415 0.00029372 0.000356146 
343 0.0441674 0.549678 0.3197 0.0601642 0.0169753 0.005982 0.00192142 0.000805762 0.000273874 0.000332082 
344 0.0926959 0.630962 0.226756 0.0223071 0.00794639 0.0179592 0.000726088 0.000391914 0.000155059 9.99794e-05 
345 0.0508516 0.628094 0.200827 0.0333855 0.0787994 0.00741404 0.000332365 0.000179397 7.09775e-05 4.57652e-05 
346 0.0641454 0.797317 0.117472 0.0160128 0.00336587 0.00110382 0.000308469 0.0001665 6.58746e-05 4.24749e-05 
347 0.129954 0.508634 0.283915 0.0688869 0.00730691 0.000852954 0.000238362 0.000128659 5.09031e-05 3.28215e-05 
348 0.0734785 0.528136 0.344265 0.0446923 0.00628021 0.00205957 0.000575558 0.000310664 0.000122912 7.9252e-05 
349 0.0611348 0.773892 0.151418 0.00884126 0.00314011 0.00102979 0.000287779 0.000155332 6.14562e-05 3.9626e-05 
350 0.071729 0.584582 0.317206 0.0172792 0.00613068 0.00201053 0.000561854 0.000303267 0.000119986 7.7365e-05 
351 0.0912915 0.636554 0.238472 0.0219692 0.00780269 0.00255886 0.000715087 0.000385976 0.000152709 9.84646e-05 
352 0.0429809 0.949596 0.00696313 0.000303411 0.00011045 2.79282e-05 1.48699e-05 1.482e-06 0 1.47462e-06 
353 0.168838 0.764562 0.0649693 0.00112221 0.000358964 9.07667e-05 4.83271e-05 4.81651e-06 0 4.79251e-06 
354 0.826419 0.173312 0.000265621 1.52172e-06 1.05372e-06 4.78894e-07 3.08579e-07 0 0 0 
355 0.235038 0.717224 0.0447907 0.00194587 0.000708355 0.000179113 9.53655e-05 9.50458e-06 0 9.45722e-06 
356 0.046105 0.608681 0.287186 0.038703 0.0130487 0.00401529 0.00133602 0.00052753 0.00024403 0.000154059 
357 0.166442 0.676803 0.119927 0.020658 0.0021308 0.0135173 0.000273475 0.000190967 3.4036e-05 2.31485e-05 
358 0.0912915 0.636556 0.23847 0.0219694 0.00780269 0.00255886 0.000715087 0.000385976 0.000152709 9.84646e-05 
359 0.284799 0.705238 0.00978408 8.08531e-05 5.59871e-05 2.54449e-05 1.63956e-05 0 0 0 
360 0.049521 0.574716 0.263686 0.0825999 0.019033 0.00670709 0.00215432 0.00090343 0.000307071 0.000372335 
361 0.0508141 0.468248 0.368154 0.0896238 0.0149545 0.00526985 0.00169268 0.000709838 0.00024127 0.000292549 
362 0.0618607 0.535454 0.265373 0.0976059 0.0297159 0.00641547 0.00206065 0.00086415 0.00029372 0.000356146 
363 0.0454556 0.614192 0.254981 0.0533518 0.025831 0.00395874 0.0013172 0.0005201 0.000240593 0.000151889 
364 0.0698376 0.629479 0.300389 0.000194587 7.07413e-05 1.78875e-05 9.52385e-06 9.49193e-07 0 9.44463e-07 
365 0.120906 0.793344 0.0684193 0.00558409 0.00153685 0.000413364 0.00961545 0.000138751 2.47242e-05 1.68154e-05 
366 0.185556 0.755811 0.0352529 0.00153622 0.000639419 0.0211138 7.52931e-05 7.50362e-06 0 7.46622e-06 
367 0.0481694 0.62101 0.270194 0.040436 0.013633 0.00419508 0.00139584 0.000551151 0.000254957 0.000160957 
